1864
2795
3581
4130
1090
701
3702
2539
2202
905
3
1698
1306
1237
4098
3342
2909
4257
544
1469
2811
1191
3637
4464
1824
3353
4762
3444
2816
2161
2421
1310
4076
4840
447
4072
2496
2768
1669
1471
316
4354
2640
2666
1235
698
972
2856
155
4394
3524
1308
329
4615
790
1857
1789
2018
3997
2677
1002
2099
1872
601
4860
296
2974
1395
1901
3450
3263
813
3601
1052
2791
1809
2405
1950
919
297
402
1062
3231
3755
275
1190
3542
4390
4241
900
60
1681
2367
3005
3584
3159
2035
1848
2362
4007
3227
777
1378
2613
1077
2645
1482
1502
1401
4342
2601
2327
3596
135
4913
473
3089
2338
3142
3284
3122
3697
4162
2001
842
4381
2111
1435
237
140
4728
2801
2240
4317
2280
4438
586
1955
1716
4451
3128
968
3910
4686
111
929
4089
3703
1842
1792
2577
2819
2118
561
2849
1597
2707
2071
4708
371
1459
4515
2758
2296
4237
2502
272
1009
1253
786
536
2230
2378
1763
3075
2029
188
4522
2885
3957
2702
4357
4017
4005
1167
4439
1475
1175
1798
1775
243
3494
2659
1454
4032
4486
4548
4754
804
3585
3178
1548
3869
3162
3006
1212
4943
1425
3166
1527
1720
2685
1949
4425
56
4599
2227
957
4524
774
1162
1039
2432
4514
39
4255
1319
4517
4071
3366
4198
3506
3359
3928
1981
1880
3331
689
671
4707
2633
936
2152
2686
4541
773
3666
4344
2046
4091
1145
2956
128
4360
3962
4626
2066
1372
719
2915
552
1544
3829
2638
727
1339
1017
1709
1293
2661
160
185
2162
4738
1302
558
4409
2083
611
134
45
3536
2291
616
2016
4700
4559
589
1007
725
3650
4088
1614
3718
2357
2097
2708
2890
1047
913
3794
1108
2637
3129
2745
762
1273
113
22
4468
4183
664
1150
2547
2596
2413
960
71
1367
639
2305
3832
3413
1188
2241
1736
3210
4897
1209
489
4848
3709
3685
4194
1557
3015
3770
133
631
1021
3784
1947
1856
1601
844
2875
1223
3326
1018
349
610
2304
2171
521
2936
4748
4302
70
2286
2581
4016
200
2881
3431
4998
2802
2165
1536
1623
3975
1562
4751
1506
340
1656
4462
599
4207
3502
1031
1932
15
2379
1485
3726
2444
3887
2364
6
4333
1846
3992
4944
219
1174
520
3865
4953
1187
4697
1881
4587
2660
4983
643
247
3750
2058
244
1540
4368
991
3880
2265
2882
4760
290
4713
1359
3387
4228
722
1534
4020
1075
4844
4173
3101
3669
1287
4852
3535
4266
4380
47
4484
3248
2554
1168
3894
923
319
1184
3700
4989
27
2520
1028
4413
499
1027
4531
545
4568
1369
4694
4606
2144
2855
4467
3986
797
3377
733
3100
2248
3264
3205
587
978
3819
3641
3909
3720
2402
4242
369
718
3862
3893
4060
3149
4148
37
1358
4066
2764
3769
102
3177
2775
3969
2840
512
930
4794
2450
4487
1436
2812
2311
3956
1196
3272
3948
1731
4733
1719
3758
2526
4006
4649
1408
1321
4855
4495
3799
789
3492
839
445
154
1316
3461
3482
4843
3474
4752
1852
1451
4650
3859
2528
1796
1853
4663
593
696
3636
3056
2106
227
3988
948
203
3648
4475
1404
2077
2440
1863
3787
1046
4329
1252
510
4318
3240
410
426
252
2127
1624
3010
2258
24
2628
2354
2569
3955
2226
2712
4247
4992
1243
2617
3681
494
2426
1882
4408
532
3555
2149
3016
4950
4525
4780
1100
1966
309
4340
827
2669
4610
3610
2755
2540
3937
3238
1605
3964
686
1740
4658
1256
4423
3597
3138
1754
4233
4250
646
2334
2874
1231
2714
2565
1967
988
2487
4452
4314
109
2965
57
787
845
2031
1486
2050
811
2211
169
4574
2817
4238
4549
246
117
3723
3021
3495
784
2349
566
2477
4187
2183
144
4014
4471
1660
1591
2452
1356
942
4458
3740
181
4430
2770
2665
1670
4121
2765
2690
4046
1272
2004
4120
3566
1516
1628
3308
1504
176
4151
1537
3521
1989
2726
4455
3609
3313
1083
4324
2948
1868
999
3389
1180
4364
614
866
3831
3334
191
3523
293
2761
282
1916
470
1697
3344
370
3452
3855
350
3645
1025
3020
2214
230
4759
1807
672
4598
1580
4564
4185
1945
1799
3810
4300
1003
3148
3982
3379
1821
2986
4939
1930
4372
3084
4206
794
2558
3866
339
2658
3429
2303
4286
3812
3522
649
3613
4909
1722
3085
3965
2271
2941
4205
2095
49
4437
4004
4795
3591
3409
3746
4827
4363
235
2960
3518
2672
2238
751
58
1550
2466
1773
805
238
287
116
2386
490
3181
3253
4804
384
3147
583
1282
1065
3428
4508
1309
2873
2767
4588
3442
947
2365
726
3292
2938
659
661
3877
4080
2821
831
463
2570
3311
2914
3734
4619
2593
4303
673
3245
4442
437
3399
1414
4428
3530
955
2904
632
2458
277
939
1986
439
836
721
622
4651
4633
459
2215
387
3458
2390
2049
4201
4043
1854
2893
152
3035
1345
4311
2130
4406
4138
2307
720
3552
3218
980
1382
228
4876
4814
3028
2096
2679
651
1837
1251
4054
367
1618
1015
4925
276
4398
344
3067
625
3618
4313
2935
2355
1909
1674
2252
1460
1707
4618
3616
588
4348
3305
737
431
3096
970
2532
1131
3112
4123
3151
38
2120
4875
3756
1011
2038
1730
3671
568
2664
354
537
2192
4015
2879
2576
427
3989
865
2933
2524
541
4591
4059
688
1263
901
4181
4424
2482
747
1838
2784
1245
547
1888
2472
2902
2872
356
148
556
3268
2620
2671
896
4246
707
284
1177
2261
683
77
2356
530
1387
594
2366
1889
1001
1582
513
2730
4189
3544
2179
3207
1931
3576
985
13
4647
821
2351
5
1734
26
4137
2652
4248
2740
3401
394
893
3103
2361
3480
1686
4889
2521
1893
1826
4717
791
1895
3297
1176
3918